90.50045692,210.3952816,-89.5
90.50182766,210.2905711,-89
90.5041121,210.1858766,-88.5
90.50731008,209.081206,-88
90.51142134,208.9765674,-87.5
90.51644558,208.8719685,-87
90.52238242,208.7674175,-86.5
90.5292314,208.6629223,-86
90.536992,208.5584909,-85.5
90.54566362,208.4541311,-85
90.55524562,208.349851,-84.5
90.56573726,208.2456584,-84
90.57713773,208.1415614,-83.5
90.58944618,208.0375679,-83
90.60266166,207.9336857,-82.5
90.61678318,207.8299228,-82
90.63180964,207.7262871,-81.5
90.64773991,207.6227864,-81
90.66457278,207.5194287,-80.5
90.68230696,207.4162219,-80
90.70094111,207.3131737,-79.5
90.7204738,207.2102921,-79
90.74090354,207.1075848,-78.5
90.76222879,207.0050597,-78
90.78444791,206.9027246,-77.5
90.80755922,206.8005873,-77
90.83156096,206.6986556,-76.5
90.85645128,206.5969373,-76
90.88222832,206.49544,-75.5
90.90889008,206.3941715,-75
90.93643456,206.2931395,-74.5
90.96485965,206.1923517,-74
90.99416318,206.0918159,-73.5
91.02434293,205.9915395,-73
91.05539659,205.8915304,-72.5
91.0873218,205.7917961,-72
91.12011614,205.6923441,-71.5
91.15377709,205.5931821,-71
91.18830211,205.4943177,-70.5
91.22368855,205.3957583,-70
91.25993373,205.2975114,-69.5
91.29703488,205.1995846,-69
91.33498918,205.1019853,-68.5
91.37379375,205.0047209,-68
91.41344561,204.9077988,-67.5
91.45394176,204.8112265,-67
91.49527911,204.7150112,-66.5
91.53745451,204.6191603,-66
91.58046475,204.5236811,-65.5
91.62430656,204.4285809,-65
91.66897659,204.3338668,-64.5
91.71447144,204.2395462,-64
91.76078766,204.1456262,-63.5
91.80792171,204.052114,-63
91.85587,203.9590166,-62.5
91.90462889,203.8663412,-62
91.95419465,203.7740949,-61.5
92.00456351,203.6822846,-61
92.05573165,203.5909173,-60.5
92.10769515,203.5,-60
92.16045007,203.4095396,-59.5
92.21399239,203.3195431,-59
92.26831803,203.2300172,-58.5
92.32342285,203.1409688,-58
92.37930265,203.0524047,-57.5
92.43595318,202.9643316,-57
92.49337014,202.8767562,-56.5
92.55154913,202.7896852,-56
92.61048574,202.7031252,-55.5
92.67017547,202.6170828,-55
92.73061378,202.5315645,-54.5
92.79179607,202.446577,-54
92.85371767,202.3621266,-53.5
92.91637388,202.2782197,-53
92.97975992,202.1948629,-52.5
93.04387096,202.1120623,-52
93.10870212,202.0298244,-51.5
93.17424846,201.9481553,-51
93.240505,201.8670614,-50.5
93.30746668,201.7865487,-50
93.37512841,201.7066234,-49.5
93.44348504,201.6272917,-49
93.51253135,201.5485594,-48.5
93.58226209,201.4704327,-48
93.65267196,201.3929175,-47.5
93.72375558,201.3160197,-47
93.79550755,201.2397451,-46.5
93.8679224,201.1640996,-46
93.94099461,201.0890888,-45.5
94.01471863,201.0147186,-45
94.08908883,200.9409946,-44.5
94.16409955,200.8679224,-44
94.23974509,200.7955075,-43.5
94.31601968,200.7237556,-43
94.39291751,200.652672,-42.5
94.47043272,200.5822621,-42
94.54855942,200.5125314,-41.5
94.62729165,200.443485,-41
94.70662342,200.3751284,-40.5
94.78654868,200.3074667,-40
94.86706136,200.240505,-39.5
94.94815531,200.1742485,-39
95.02982436,200.1087021,-38.5
95.1120623,200.043871,-38
95.19486285,199.9797599,-37.5
95.27821972,199.9163739,-37
95.36212656,199.8537177,-36.5
95.44657697,199.7917961,-36
95.53156453,199.7306138,-35.5
95.61708276,199.6701755,-35
95.70312516,199.6104857,-34.5
95.78968516,199.5515491,-34
95.87675618,199.4933701,-33.5
95.96433158,199.4359532,-33
96.0524047,199.3793027,-32.5
96.14096883,199.3234228,-32
96.23001722,199.268318,-31.5
96.3195431,199.2139924,-31
96.40953964,199.1604501,-30.5
96.5,199.1076952,-30
96.59091728,199.0557316,-29.5
96.68228456,199.0045635,-29
96.77409488,198.9541946,-28.5
96.86634125,198.9046289,-28
96.95901664,198.85587,-27.5
97.052114,198.8079217,-27
97.14562624,198.7607877,-26.5
97.23954624,198.7144714,-26
97.33386684,198.6689766,-25.5
97.42858086,198.6243066,-25
97.52368109,198.5804647,-24.5
97.61916028,198.5374545,-24
97.71501117,198.4952791,-23.5
97.81122646,198.4539418,-23
97.90779881,198.4134456,-22.5
98.00472088,198.3737937,-22
98.10198528,198.3349892,-21.5
98.19958461,198.2970349,-21
98.29751142,198.2599337,-20.5
98.39575828,198.2236886,-20
98.49431769,198.1883021,-19.5
98.59318215,198.1537771,-19
98.69234412,198.1201161,-18.5
98.79179607,198.0873218,-18
98.89153041,198.0553966,-17.5
98.99153954,198.0243429,-17
99.09181586,197.9941632,-16.5
99.19235173,197.9648596,-16
99.29313949,197.9364346,-15.5
99.39417146,197.9088901,-15
99.49543995,197.8822283,-14.5
99.59693725,197.8564513,-14
99.69865563,197.831561,-13.5
99.80058735,197.8075592,-13
99.90272463,197.7844479,-12.5
100.0050597,197.7622288,-12
100.1075848,197.7409035,-11.5
100.2102921,197.7204738,-11
100.3131737,197.7009411,-10.5
100.4162219,197.682307,-10
100.5194287,197.6645728,-9.5
100.6227864,197.6477399,-9
100.7262871,197.6318096,-8.5
100.8299228,197.6167832,-8
100.9336857,197.6026617,-7.5
101.0375679,197.5894462,-7
101.1415614,197.5771377,-6.5
101.2456584,197.5657373,-6
101.349851,197.5552456,-5.5
101.4541311,197.5456636,-5
101.5584909,197.536992,-4.5
101.6629223,197.5292314,-4
101.7674175,197.5223824,-3.5
101.8719685,197.5164456,-3
101.9765674,197.5114213,-2.5
102.081206,197.5073101,-2
102.1858766,197.5041121,-1.5
102.2905711,197.5018277,-1
102.3952816,197.5004569,-0.5
102.5,197.5,0

