102.5,197.5,0
102.6,197.5,0
102.7,197.5,0
102.8,197.5,0
102.9,197.5,0
103.0,197.5,0
103.1,197.5,0
103.2,197.5,0
103.3,197.5,0
103.4,197.5,0
103.5,197.5,0
103.6,197.5,0
103.7,197.5,0
103.8,197.5,0
103.9,197.5,0
104.0,197.5,0
104.1,197.5,0
104.2,197.5,0
104.3,197.5,0
104.4,197.5,0
104.5,197.5,0
104.6,197.5,0
104.7,197.5,0
104.8,197.5,0
104.9,197.5,0
105.0,197.5,0
105.1,197.5,0
105.2,197.5,0
105.3,197.5,0
105.4,197.5,0
105.5,197.5,0
105.6,197.5,0
105.7,197.5,0
105.8,197.5,0
105.9,197.5,0
106.0,197.5,0
106.1,197.5,0
106.2,197.5,0
106.3,197.5,0
106.4,197.5,0
106.5,197.5,0
106.6,197.5,0
106.7,197.5,0
106.8,197.5,0
106.9,197.5,0
107.0,197.5,0
107.1,197.5,0
107.2,197.5,0
107.3,197.5,0
107.4,197.5,0
107.5,197.5,0
107.6,197.5,0
107.7,197.5,0
107.8,197.5,0
107.9,197.5,0
108.0,197.5,0
108.1,197.5,0
108.2,197.5,0
108.3,197.5,0
108.4,197.5,0
108.5,197.5,0
108.6,197.5,0
108.7,197.5,0
108.8,197.5,0
108.9,197.5,0
109.0,197.5,0
109.1,197.5,0
109.2,197.5,0
109.3,197.5,0
109.4,197.5,0
109.5,197.5,0
109.6,197.5,0
109.7,197.5,0
109.8,197.5,0
109.9,197.5,0
110.0,197.5,0
110.1,197.5,0
110.2,197.5,0
110.3,197.5,0
110.4,197.5,0
110.5,197.5,0
110.6,197.5,0
110.7,197.5,0
110.8,197.5,0
110.9,197.5,0
111.0,197.5,0
111.1,197.5,0
111.2,197.5,0
111.3,197.5,0
111.4,197.5,0
111.5,197.5,0
111.6,197.5,0
111.7,197.5,0
111.8,197.5,0
111.9,197.5,0
112.0,197.5,0
112.1,197.5,0
112.2,197.5,0
112.3,197.5,0
112.4,197.5,0
112.5,197.5,0
112.6,197.5,0
112.7,197.5,0
112.8,197.5,0
112.9,197.5,0
113.0,197.5,0
113.1,197.5,0
113.2,197.5,0
113.3,197.5,0
113.4,197.5,0
113.5,197.5,0
113.6,197.5,0
113.7,197.5,0
113.8,197.5,0
113.9,197.5,0
114.0,197.5,0
114.1,197.5,0
114.2,197.5,0
114.3,197.5,0
114.4,197.5,0
114.5,197.5,0
114.6,197.5,0
114.7,197.5,0
114.8,197.5,0
114.9,197.5,0
115.0,197.5,0
115.1,197.5,0
115.2,197.5,0
115.3,197.5,0
115.4,197.5,0
115.5,197.5,0
115.6,197.5,0
115.7,197.5,0
115.8,197.5,0
115.9,197.5,0
116.0,197.5,0
116.1,197.5,0
116.2,197.5,0
116.3,197.5,0
116.4,197.5,0
116.5,197.5,0
116.6,197.5,0
116.7,197.5,0
116.8,197.5,0
116.9,197.5,0
117.0,197.5,0
117.1,197.5,0
117.2,197.5,0
117.3,197.5,0
117.4,197.5,0
117.5,197.5,0
117.6,197.5,0
117.7,197.5,0
117.8,197.5,0
117.9,197.5,0
118.0,197.5,0
118.1,197.5,0
118.2,197.5,0
118.3,197.5,0
118.4,197.5,0
118.5,197.5,0
118.6,197.5,0
118.7,197.5,0
118.8,197.5,0
118.9,197.5,0
119.0,197.5,0
119.1,197.5,0
119.2,197.5,0
119.3,197.5,0
119.4,197.5,0
119.5,197.5,0
119.6,197.5,0
119.7,197.5,0
119.8,197.5,0
119.9,197.5,0
120.0,197.5,0
120.1,197.5,0
120.2,197.5,0
120.3,197.5,0
120.4,197.5,0
120.5,197.5,0
120.6,197.5,0
120.7,197.5,0
120.8,197.5,0
120.9,197.5,0
121.0,197.5,0
121.1,197.5,0
121.2,197.5,0
121.3,197.5,0
121.4,197.5,0
121.5,197.5,0
121.6,197.5,0
121.7,197.5,0
121.8,197.5,0
121.9,197.5,0
122.0,197.5,0
122.1,197.5,0
122.2,197.5,0
122.3,197.5,0
122.4,197.5,0
122.5,197.5,0
122.6,197.5,0
122.7,197.5,0
122.8,197.5,0
122.9,197.5,0
123.0,197.5,0
123.1,197.5,0
123.2,197.5,0
123.3,197.5,0
123.4,197.5,0
123.5,197.5,0
123.6,197.5,0
123.7,197.5,0
123.8,197.5,0
123.9,197.5,0
124.0,197.5,0
124.1,197.5,0
124.2,197.5,0
124.3,197.5,0
124.4,197.5,0
124.5,197.5,0
124.6,197.5,0
124.7,197.5,0
124.8,197.5,0
124.9,197.5,0
125.0,197.5,0
125.1,197.5,0
125.2,197.5,0
125.3,197.5,0
125.4,197.5,0
125.5,197.5,0
125.6,197.5,0
125.7,197.5,0
125.8,197.5,0
125.9,197.5,0
126.0,197.5,0
126.1,197.5,0
126.2,197.5,0
126.3,197.5,0
126.4,197.5,0
126.5,197.5,0
126.6,197.5,0
126.7,197.5,0
126.8,197.5,0
126.9,197.5,0
127.0,197.5,0
127.1,197.5,0
127.2,197.5,0
127.3,197.5,0
127.4,197.5,0
127.5,197.5,0
127.6,197.5,0
127.7,197.5,0
127.8,197.5,0
127.9,197.5,0
128.0,197.5,0
128.1,197.5,0
128.2,197.5,0
128.3,197.5,0
128.4,197.5,0
128.5,197.5,0
128.6,197.5,0
128.7,197.5,0
128.8,197.5,0
128.9,197.5,0
129.0,197.5,0
129.1,197.5,0
129.2,197.5,0
129.3,197.5,0
129.4,197.5,0
129.5,197.5,0
129.6,197.5,0
129.7,197.5,0
129.8,197.5,0
129.9,197.5,0
130.0,197.5,0
130.1,197.5,0
130.2,197.5,0
130.3,197.5,0
130.4,197.5,0
130.5,197.5,0
130.6,197.5,0
130.7,197.5,0
130.8,197.5,0
130.9,197.5,0
131.0,197.5,0
131.1,197.5,0
131.2,197.5,0
131.3,197.5,0
131.4,197.5,0
131.5,197.5,0
131.6,197.5,0
131.7,197.5,0
131.8,197.5,0
131.9,197.5,0
132.0,197.5,0
132.1,197.5,0
132.2,197.5,0
132.3,197.5,0
132.4,197.5,0
132.5,197.5,0
132.6,197.5,0
132.7,197.5,0
132.8,197.5,0
132.9,197.5,0
133.0,197.5,0
133.1,197.5,0
133.2,197.5,0
133.3,197.5,0
133.4,197.5,0
133.5,197.5,0
133.6,197.5,0
133.7,197.5,0
133.8,197.5,0
133.9,197.5,0
134.0,197.5,0
134.1,197.5,0
134.2,197.5,0
134.3,197.5,0
134.4,197.5,0
134.5,197.5,0
134.6,197.5,0
134.7,197.5,0
134.8,197.5,0
134.9,197.5,0
135.0,197.5,0
135.1,197.5,0
135.2,197.5,0
135.3,197.5,0
135.4,197.5,0
135.5,197.5,0
135.6,197.5,0
135.7,197.5,0
135.8,197.5,0
135.9,197.5,0
136.0,197.5,0
136.1,197.5,0
136.2,197.5,0
136.3,197.5,0
136.4,197.5,0
136.5,197.5,0
136.6,197.5,0
136.7,197.5,0
136.8,197.5,0
136.9,197.5,0
137.0,197.5,0
137.1,197.5,0
137.2,197.5,0
137.3,197.5,0
137.4,197.5,0
137.5,197.5,0
137.6,197.5,0
137.7,197.5,0
137.8,197.5,0
137.9,197.5,0
138.0,197.5,0
138.1,197.5,0
138.2,197.5,0
138.3,197.5,0
138.4,197.5,0
138.5,197.5,0
138.6,197.5,0
138.7,197.5,0
138.8,197.5,0
138.9,197.5,0
139.0,197.5,0
139.1,197.5,0
139.2,197.5,0
139.3,197.5,0
139.4,197.5,0
139.5,197.5,0
139.6,197.5,0
139.7,197.5,0
139.8,197.5,0
139.9,197.5,0
140.0,197.5,0
140.1,197.5,0
140.2,197.5,0
140.3,197.5,0
140.4,197.5,0
140.5,197.5,0
140.6,197.5,0
140.7,197.5,0
140.8,197.5,0
140.9,197.5,0
141.0,197.5,0
141.1,197.5,0
141.2,197.5,0
141.3,197.5,0
141.4,197.5,0
141.5,197.5,0
141.6,197.5,0
141.7,197.5,0
141.8,197.5,0
141.9,197.5,0
142.0,197.5,0
142.1,197.5,0
142.2,197.5,0
142.3,197.5,0
142.4,197.5,0
142.5,197.5,0
142.6,197.5,0
142.7,197.5,0
142.8,197.5,0
142.9,197.5,0
143.0,197.5,0
143.1,197.5,0
143.2,197.5,0
143.3,197.5,0
143.4,197.5,0
143.5,197.5,0
143.6,197.5,0
143.7,197.5,0
143.8,197.5,0
143.9,197.5,0
144.0,197.5,0
144.1,197.5,0
144.2,197.5,0
144.3,197.5,0
144.4,197.5,0
144.5,197.5,0
144.6,197.5,0
144.7,197.5,0
144.8,197.5,0
144.9,197.5,0
145.0,197.5,0
145.1,197.5,0
145.2,197.5,0
145.3,197.5,0
145.4,197.5,0
145.5,197.5,0
145.6,197.5,0
145.7,197.5,0
145.8,197.5,0
145.9,197.5,0
146.0,197.5,0
146.1,197.5,0
146.2,197.5,0
146.3,197.5,0
146.4,197.5,0
146.5,197.5,0
146.6,197.5,0
146.7,197.5,0
146.8,197.5,0
146.9,197.5,0
147.0,197.5,0
147.1,197.5,0
147.2,197.5,0
147.3,197.5,0
147.4,197.5,0
147.5,197.5,0
147.6,197.5,0
147.7,197.5,0
147.8,197.5,0
147.9,197.5,0
148.0,197.5,0
148.1,197.5,0
148.2,197.5,0
148.3,197.5,0
148.4,197.5,0
148.5,197.5,0
148.6,197.5,0
148.7,197.5,0
148.8,197.5,0
148.9,197.5,0
149.0,197.5,0
149.1,197.5,0
149.2,197.5,0
149.3,197.5,0
149.4,197.5,0
149.5,197.5,0
149.6,197.5,0
149.7,197.5,0
149.8,197.5,0
149.9,197.5,0
150.0,197.5,0
150.1,197.5,0
150.2,197.5,0
150.3,197.5,0
150.4,197.5,0
150.5,197.5,0
150.6,197.5,0
150.7,197.5,0
150.8,197.5,0
150.9,197.5,0
151.0,197.5,0
151.1,197.5,0
151.2,197.5,0
151.3,197.5,0
151.4,197.5,0
151.5,197.5,0
151.6,197.5,0
151.7,197.5,0
151.8,197.5,0
151.9,197.5,0
152.0,197.5,0
152.1,197.5,0
152.2,197.5,0
152.3,197.5,0
152.4,197.5,0
152.5,197.5,0
152.6,197.5,0
152.7,197.5,0
152.8,197.5,0
152.9,197.5,0
153.0,197.5,0
153.1,197.5,0
153.2,197.5,0
153.3,197.5,0
153.4,197.5,0
153.5,197.5,0
153.6,197.5,0
153.7,197.5,0
153.8,197.5,0
153.9,197.5,0
154.0,197.5,0
154.1,197.5,0
154.2,197.5,0
154.3,197.5,0
154.4,197.5,0
154.5,197.5,0
154.6,197.5,0
154.7,197.5,0
154.8,197.5,0
154.9,197.5,0
155.0,197.5,0
155.1,197.5,0
155.2,197.5,0
155.3,197.5,0
155.4,197.5,0
155.5,197.5,0
155.6,197.5,0
155.7,197.5,0
155.8,197.5,0
155.9,197.5,0
156.0,197.5,0
156.1,197.5,0
156.2,197.5,0
156.3,197.5,0
156.4,197.5,0
156.5,197.5,0
156.6,197.5,0
156.7,197.5,0
156.8,197.5,0
156.9,197.5,0
157.0,197.5,0
157.1,197.5,0
157.2,197.5,0
157.3,197.5,0
157.4,197.5,0
157.5,197.5,0
157.6,197.5,0
157.7,197.5,0
157.8,197.5,0
157.9,197.5,0
158.0,197.5,0
158.1,197.5,0
158.2,197.5,0
158.3,197.5,0
158.4,197.5,0
158.5,197.5,0
158.6,197.5,0
158.7,197.5,0
158.8,197.5,0
158.9,197.5,0
159.0,197.5,0
159.1,197.5,0
159.2,197.5,0
159.3,197.5,0
159.4,197.5,0
159.5,197.5,0
159.6,197.5,0
159.7,197.5,0
159.8,197.5,0
159.9,197.5,0
160.0,197.5,0
160.1,197.5,0
160.2,197.5,0
160.3,197.5,0
160.4,197.5,0
160.5,197.5,0
160.6,197.5,0
160.7,197.5,0
160.8,197.5,0
160.9,197.5,0
161.0,197.5,0
161.1,197.5,0
161.2,197.5,0
161.3,197.5,0
161.4,197.5,0
161.5,197.5,0
161.6,197.5,0
161.7,197.5,0
161.8,197.5,0
161.9,197.5,0
162.0,197.5,0
162.1,197.5,0
162.2,197.5,0
162.3,197.5,0
162.4,197.5,0
162.5,197.5,0
162.6,197.5,0
162.7,197.5,0
162.8,197.5,0
162.9,197.5,0
163.0,197.5,0
163.1,197.5,0
163.2,197.5,0
163.3,197.5,0
163.4,197.5,0
163.5,197.5,0
163.6,197.5,0
163.7,197.5,0
163.8,197.5,0
163.9,197.5,0
164.0,197.5,0
164.1,197.5,0
164.2,197.5,0
164.3,197.5,0
164.4,197.5,0
164.5,197.5,0
164.6,197.5,0
164.7,197.5,0
164.8,197.5,0
164.9,197.5,0
165.0,197.5,0
165.1,197.5,0
165.2,197.5,0
165.3,197.5,0
165.4,197.5,0
165.5,197.5,0
165.6,197.5,0
165.7,197.5,0
165.8,197.5,0
165.9,197.5,0
166.0,197.5,0
166.1,197.5,0
166.2,197.5,0
166.3,197.5,0
166.4,197.5,0
166.5,197.5,0
166.6,197.5,0
166.7,197.5,0
166.8,197.5,0
166.9,197.5,0
167.0,197.5,0
167.1,197.5,0
167.2,197.5,0
167.3,197.5,0
167.4,197.5,0
167.5,197.5,0
167.6,197.5,0
167.7,197.5,0
167.8,197.5,0
167.9,197.5,0
168.0,197.5,0
168.1,197.5,0
168.2,197.5,0
168.3,197.5,0
168.4,197.5,0
168.5,197.5,0
168.6,197.5,0
168.7,197.5,0
168.8,197.5,0
168.9,197.5,0
169.0,197.5,0
169.1,197.5,0
169.2,197.5,0
169.3,197.5,0
169.4,197.5,0
169.5,197.5,0
169.6,197.5,0
169.7,197.5,0
169.8,197.5,0
169.9,197.5,0
170.0,197.5,0
170.1,197.5,0
170.2,197.5,0
170.3,197.5,0
170.4,197.5,0
170.5,197.5,0
170.6,197.5,0
170.7,197.5,0
170.8,197.5,0
170.9,197.5,0
171.0,197.5,0
171.1,197.5,0
171.2,197.5,0
171.3,197.5,0
171.4,197.5,0
171.5,197.5,0
171.6,197.5,0
171.7,197.5,0
171.8,197.5,0
171.9,197.5,0
172.0,197.5,0
172.1,197.5,0
172.2,197.5,0
172.3,197.5,0
172.4,197.5,0
172.5,197.5,0
172.6,197.5,0
172.7,197.5,0
172.8,197.5,0
172.9,197.5,0
173.0,197.5,0
173.1,197.5,0
173.2,197.5,0
173.3,197.5,0
173.4,197.5,0
173.5,197.5,0
173.6,197.5,0
173.7,197.5,0
173.8,197.5,0
173.9,197.5,0
174.0,197.5,0
174.1,197.5,0
174.2,197.5,0
174.3,197.5,0
174.4,197.5,0
174.5,197.5,0
174.6,197.5,0
174.7,197.5,0
174.8,197.5,0
174.9,197.5,0
175.0,197.5,0
175.1,197.5,0
175.2,197.5,0
175.3,197.5,0
175.4,197.5,0
175.5,197.5,0
175.6,197.5,0
175.7,197.5,0
175.8,197.5,0
175.9,197.5,0
176.0,197.5,0
176.1,197.5,0
176.2,197.5,0
176.3,197.5,0
176.4,197.5,0
176.5,197.5,0
176.6,197.5,0
176.7,197.5,0
176.8,197.5,0
176.9,197.5,0
177.0,197.5,0
177.1,197.5,0
177.2,197.5,0
177.3,197.5,0
177.4,197.5,0
177.5,197.5,0
177.6,197.5,0
177.7,197.5,0
177.8,197.5,0
177.9,197.5,0
178.0,197.5,0
178.1,197.5,0
178.2,197.5,0
178.3,197.5,0
178.4,197.5,0
178.5,197.5,0
178.6,197.5,0
178.7,197.5,0
178.8,197.5,0
178.9,197.5,0
179.0,197.5,0
179.1,197.5,0
179.2,197.5,0
179.3,197.5,0
179.4,197.5,0
179.5,197.5,0
179.6,197.5,0
179.7,197.5,0
179.8,197.5,0
179.9,197.5,0
180.0,197.5,0
180.1,197.5,0
180.2,197.5,0
180.3,197.5,0
180.4,197.5,0
180.5,197.5,0
180.6,197.5,0
180.7,197.5,0
180.8,197.5,0
180.9,197.5,0
181.0,197.5,0
181.1,197.5,0
181.2,197.5,0
181.3,197.5,0
181.4,197.5,0
181.5,197.5,0
181.6,197.5,0
181.7,197.5,0
181.8,197.5,0
181.9,197.5,0
182.0,197.5,0
182.1,197.5,0
182.2,197.5,0
182.3,197.5,0
182.4,197.5,0
182.5,197.5,0
182.6,197.5,0
182.7,197.5,0
182.8,197.5,0
182.9,197.5,0
183.0,197.5,0
183.1,197.5,0
183.2,197.5,0
183.3,197.5,0
183.4,197.5,0
183.5,197.5,0
183.6,197.5,0
183.7,197.5,0
183.8,197.5,0
183.9,197.5,0
184.0,197.5,0
184.1,197.5,0
184.2,197.5,0
184.3,197.5,0
184.4,197.5,0
184.5,197.5,0
184.6,197.5,0
184.7,197.5,0
184.8,197.5,0
184.9,197.5,0
185.0,197.5,0
185.1,197.5,0
185.2,197.5,0
185.3,197.5,0
185.4,197.5,0
185.5,197.5,0
185.6,197.5,0
185.7,197.5,0
185.8,197.5,0
185.9,197.5,0
186.0,197.5,0
186.1,197.5,0
186.2,197.5,0
186.3,197.5,0
186.4,197.5,0
186.5,197.5,0
186.6,197.5,0
186.7,197.5,0
186.8,197.5,0
186.9,197.5,0
187.0,197.5,0
187.1,197.5,0
187.2,197.5,0
187.3,197.5,0
187.4,197.5,0
187.5,197.5,0
187.6,197.5,0
187.7,197.5,0
187.8,197.5,0
187.9,197.5,0
188.0,197.5,0
188.1,197.5,0
188.2,197.5,0
188.3,197.5,0
188.4,197.5,0
188.5,197.5,0
188.6,197.5,0
188.7,197.5,0
188.8,197.5,0
188.9,197.5,0
189.0,197.5,0
189.1,197.5,0
189.2,197.5,0
189.3,197.5,0
189.4,197.5,0
189.5,197.5,0
189.6,197.5,0
189.7,197.5,0
189.8,197.5,0
189.9,197.5,0
190.0,197.5,0
190.1,197.5,0
190.2,197.5,0
190.3,197.5,0
190.4,197.5,0
190.5,197.5,0
190.6,197.5,0
190.7,197.5,0
190.8,197.5,0
190.9,197.5,0
191.0,197.5,0
191.1,197.5,0
191.2,197.5,0
191.3,197.5,0
191.4,197.5,0
191.5,197.5,0
191.6,197.5,0
191.7,197.5,0
191.8,197.5,0
191.9,197.5,0
192.0,197.5,0
192.1,197.5,0
192.2,197.5,0
192.3,197.5,0
192.4,197.5,0
192.5,197.5,0
192.6,197.5,0
192.7,197.5,0
192.8,197.5,0
192.9,197.5,0
193.0,197.5,0
193.1,197.5,0
193.2,197.5,0
193.3,197.5,0
193.4,197.5,0
193.5,197.5,0
193.6,197.5,0
193.7,197.5,0
193.8,197.5,0
193.9,197.5,0
194.0,197.5,0
194.1,197.5,0
194.2,197.5,0
194.3,197.5,0
194.4,197.5,0
194.5,197.5,0
194.6,197.5,0
194.7,197.5,0
194.8,197.5,0
194.9,197.5,0
195.0,197.5,0
195.1,197.5,0
195.2,197.5,0
195.3,197.5,0
195.4,197.5,0
195.5,197.5,0
195.6,197.5,0
195.7,197.5,0
195.8,197.5,0
195.9,197.5,0
196.0,197.5,0
196.1,197.5,0
196.2,197.5,0
196.3,197.5,0
196.4,197.5,0
196.5,197.5,0
196.6,197.5,0
196.7,197.5,0
196.8,197.5,0
196.9,197.5,0
197.0,197.5,0
197.1,197.5,0
197.2,197.5,0
197.3,197.5,0
197.4,197.5,0
197.5,197.5,0
197.6,197.5,0
197.7,197.5,0
197.8,197.5,0
197.9,197.5,0
198.0,197.5,0
198.1,197.5,0
198.2,197.5,0
198.3,197.5,0
198.4,197.5,0
198.5,197.5,0
198.6,197.5,0
198.7,197.5,0
198.8,197.5,0
198.9,197.5,0
199.0,197.5,0
199.1,197.5,0
199.2,197.5,0
199.3,197.5,0
199.4,197.5,0
199.5,197.5,0
199.6,197.5,0
199.7,197.5,0
199.8,197.5,0
199.9,197.5,0
200.0,197.5,0
200.1,197.5,0
200.2,197.5,0
200.3,197.5,0
200.4,197.5,0
200.5,197.5,0
200.6,197.5,0
200.7,197.5,0
200.8,197.5,0
200.9,197.5,0
201.0,197.5,0
201.1,197.5,0
201.2,197.5,0
201.3,197.5,0
201.4,197.5,0
201.5,197.5,0
201.6,197.5,0
201.7,197.5,0
201.8,197.5,0
201.9,197.5,0
202.0,197.5,0
202.1,197.5,0
202.2,197.5,0
202.3,197.5,0
202.4,197.5,0
202.5,197.5,0
202.6,197.5,0
202.7,197.5,0
202.8,197.5,0
202.9,197.5,0
203.0,197.5,0
203.1,197.5,0
203.2,197.5,0
203.3,197.5,0
203.4,197.5,0
203.5,197.5,0
203.6,197.5,0
203.7,197.5,0
203.8,197.5,0
203.9,197.5,0
204.0,197.5,0
204.1,197.5,0
204.2,197.5,0
204.3,197.5,0
204.4,197.5,0
204.5,197.5,0
204.6,197.5,0
204.7,197.5,0
204.8,197.5,0
204.9,197.5,0
205.0,197.5,0
205.1,197.5,0
205.2,197.5,0
205.3,197.5,0
205.4,197.5,0
205.5,197.5,0
205.6,197.5,0
205.7,197.5,0
205.8,197.5,0
205.9,197.5,0
206.0,197.5,0
206.1,197.5,0
206.2,197.5,0
206.3,197.5,0
206.4,197.5,0
206.5,197.5,0
206.6,197.5,0
206.7,197.5,0
206.8,197.5,0
206.9,197.5,0
207.0,197.5,0
207.1,197.5,0
207.2,197.5,0
207.3,197.5,0
207.4,197.5,0
207.5,197.5,0
207.6,197.5,0
207.7,197.5,0
207.8,197.5,0
207.9,197.5,0
208.0,197.5,0
208.1,197.5,0
208.2,197.5,0
208.3,197.5,0
208.4,197.5,0
208.5,197.5,0
208.6,197.5,0
208.7,197.5,0
208.8,197.5,0
208.9,197.5,0
209.0,197.5,0
209.1,197.5,0
209.2,197.5,0
209.3,197.5,0
209.4,197.5,0
209.5,197.5,0
209.6,197.5,0
209.7,197.5,0
209.8,197.5,0
209.9,197.5,0
210.0,197.5,0
210.1,197.5,0
210.2,197.5,0
210.3,197.5,0
210.4,197.5,0
210.5,197.5,0
210.6,197.5,0
210.7,197.5,0
210.8,197.5,0
210.9,197.5,0
211.0,197.5,0
211.1,197.5,0
211.2,197.5,0
211.3,197.5,0
211.4,197.5,0
211.5,197.5,0
211.6,197.5,0
211.7,197.5,0
211.8,197.5,0
211.9,197.5,0
212.0,197.5,0
212.1,197.5,0
212.2,197.5,0
212.3,197.5,0
212.4,197.5,0
212.5,197.5,0
212.6,197.5,0
212.7,197.5,0
212.8,197.5,0
212.9,197.5,0
213.0,197.5,0
213.1,197.5,0
213.2,197.5,0
213.3,197.5,0
213.4,197.5,0
213.5,197.5,0
213.6,197.5,0
213.7,197.5,0
213.8,197.5,0
213.9,197.5,0
214.0,197.5,0
214.1,197.5,0
214.2,197.5,0
214.3,197.5,0
214.4,197.5,0
214.5,197.5,0
214.6,197.5,0
214.7,197.5,0
214.8,197.5,0
214.9,197.5,0
215.0,197.5,0
215.1,197.5,0
215.2,197.5,0
215.3,197.5,0
215.4,197.5,0
215.5,197.5,0
215.6,197.5,0
215.7,197.5,0
215.8,197.5,0
215.9,197.5,0
216.0,197.5,0
216.1,197.5,0
216.2,197.5,0
216.3,197.5,0
216.4,197.5,0
216.5,197.5,0
216.6,197.5,0
216.7,197.5,0
216.8,197.5,0
216.9,197.5,0
217.0,197.5,0
217.1,197.5,0
217.2,197.5,0
217.3,197.5,0
217.4,197.5,0
217.5,197.5,0
217.6,197.5,0
217.7,197.5,0
217.8,197.5,0
217.9,197.5,0
218.0,197.5,0
218.1,197.5,0
218.2,197.5,0
218.3,197.5,0
218.4,197.5,0
218.5,197.5,0
218.6,197.5,0
218.7,197.5,0
218.8,197.5,0
218.9,197.5,0
219.0,197.5,0
219.1,197.5,0
219.2,197.5,0
219.3,197.5,0
219.4,197.5,0
219.5,197.5,0
219.6,197.5,0
219.7,197.5,0
219.8,197.5,0
219.9,197.5,0
220.0,197.5,0
220.1,197.5,0
220.2,197.5,0
220.3,197.5,0
220.4,197.5,0
220.5,197.5,0
220.6,197.5,0
220.7,197.5,0
220.8,197.5,0
220.9,197.5,0
221.0,197.5,0
221.1,197.5,0
221.2,197.5,0
221.3,197.5,0
221.4,197.5,0
221.5,197.5,0
221.6,197.5,0
221.7,197.5,0
221.8,197.5,0
221.9,197.5,0
222.0,197.5,0
222.1,197.5,0
222.2,197.5,0
222.3,197.5,0
222.4,197.5,0
222.5,197.5,0
222.6,197.5,0
222.7,197.5,0
222.8,197.5,0
222.9,197.5,0
223.0,197.5,0
223.1,197.5,0
223.2,197.5,0
223.3,197.5,0
223.4,197.5,0
223.5,197.5,0
223.6,197.5,0
223.7,197.5,0
223.8,197.5,0
223.9,197.5,0
224.0,197.5,0
224.1,197.5,0
224.2,197.5,0
224.3,197.5,0
224.4,197.5,0
224.5,197.5,0
224.6,197.5,0
224.7,197.5,0
224.8,197.5,0
224.9,197.5,0
225.0,197.5,0
225.1,197.5,0
225.2,197.5,0
225.3,197.5,0
225.4,197.5,0
225.5,197.5,0
225.6,197.5,0
225.7,197.5,0
225.8,197.5,0
225.9,197.5,0
226.0,197.5,0
226.1,197.5,0
226.2,197.5,0
226.3,197.5,0
226.4,197.5,0
226.5,197.5,0
226.6,197.5,0
226.7,197.5,0
226.8,197.5,0
226.9,197.5,0
227.0,197.5,0
227.1,197.5,0
227.2,197.5,0
227.3,197.5,0
227.4,197.5,0
227.5,197.5,0
227.6,197.5,0
227.7,197.5,0
227.8,197.5,0
227.9,197.5,0
228.0,197.5,0
228.1,197.5,0
228.2,197.5,0
228.3,197.5,0
228.4,197.5,0
228.5,197.5,0
228.6,197.5,0
228.7,197.5,0
228.8,197.5,0
228.9,197.5,0
229.0,197.5,0
229.1,197.5,0
229.2,197.5,0
229.3,197.5,0
229.4,197.5,0
229.5,197.5,0
229.6,197.5,0
229.7,197.5,0
229.8,197.5,0
229.9,197.5,0
230.0,197.5,0
230.1,197.5,0
230.2,197.5,0
230.3,197.5,0
230.4,197.5,0
230.5,197.5,0
230.6,197.5,0
230.7,197.5,0
230.8,197.5,0
230.9,197.5,0
231.0,197.5,0
231.1,197.5,0
231.2,197.5,0
231.3,197.5,0
231.4,197.5,0
231.5,197.5,0
231.6,197.5,0
231.7,197.5,0
231.8,197.5,0
231.9,197.5,0
232.0,197.5,0
232.1,197.5,0
232.2,197.5,0
232.3,197.5,0
232.4,197.5,0
232.5,197.5,0
232.6,197.5,0
232.7,197.5,0
232.8,197.5,0
232.9,197.5,0
233.0,197.5,0
233.1,197.5,0
233.2,197.5,0
233.3,197.5,0
233.4,197.5,0
233.5,197.5,0
233.6,197.5,0
233.7,197.5,0
233.8,197.5,0
233.9,197.5,0
234.0,197.5,0
234.1,197.5,0
234.2,197.5,0
234.3,197.5,0
234.4,197.5,0
234.5,197.5,0
234.6,197.5,0
234.7,197.5,0
234.8,197.5,0
234.9,197.5,0
235.0,197.5,0
235.1,197.5,0
235.2,197.5,0
235.3,197.5,0
235.4,197.5,0
235.5,197.5,0
235.6,197.5,0
235.7,197.5,0
235.8,197.5,0
235.9,197.5,0
236.0,197.5,0
236.1,197.5,0
236.2,197.5,0
236.3,197.5,0
236.4,197.5,0
236.5,197.5,0
236.6,197.5,0
236.7,197.5,0
236.8,197.5,0
236.9,197.5,0
237.0,197.5,0
237.1,197.5,0
237.2,197.5,0
237.3,197.5,0
237.4,197.5,0
237.5,197.5,0
237.6,197.5,0
237.7,197.5,0
237.8,197.5,0
237.9,197.5,0
238.0,197.5,0
238.1,197.5,0
238.2,197.5,0
238.3,197.5,0
238.4,197.5,0
238.5,197.5,0
238.6,197.5,0
238.7,197.5,0
238.8,197.5,0
238.9,197.5,0
239.0,197.5,0
239.1,197.5,0
239.2,197.5,0
239.3,197.5,0
239.4,197.5,0
239.5,197.5,0
239.6,197.5,0
239.7,197.5,0
239.8,197.5,0
239.9,197.5,0
240.0,197.5,0
240.1,197.5,0
240.2,197.5,0
240.3,197.5,0
240.4,197.5,0
240.5,197.5,0
240.6,197.5,0
240.7,197.5,0
240.8,197.5,0
240.9,197.5,0
241.0,197.5,0
241.1,197.5,0
241.2,197.5,0
241.3,197.5,0
241.4,197.5,0
241.5,197.5,0
241.6,197.5,0
241.7,197.5,0
241.8,197.5,0
241.9,197.5,0
242.0,197.5,0
242.1,197.5,0
242.2,197.5,0
242.3,197.5,0
242.4,197.5,0
242.5,197.5,0
242.6,197.5,0
242.7,197.5,0
242.8,197.5,0
242.9,197.5,0
243.0,197.5,0
243.1,197.5,0
243.2,197.5,0
243.3,197.5,0
243.4,197.5,0
243.5,197.5,0
243.6,197.5,0
243.7,197.5,0
243.8,197.5,0
243.9,197.5,0
244.0,197.5,0
244.1,197.5,0
244.2,197.5,0
244.3,197.5,0
244.4,197.5,0
244.5,197.5,0
244.6,197.5,0
244.7,197.5,0
244.8,197.5,0
244.9,197.5,0
245.0,197.5,0
245.1,197.5,0
245.2,197.5,0
245.3,197.5,0
245.4,197.5,0
245.5,197.5,0
245.6,197.5,0
245.7,197.5,0
245.8,197.5,0
245.9,197.5,0
246.0,197.5,0
246.1,197.5,0
246.2,197.5,0
246.3,197.5,0
246.4,197.5,0
246.5,197.5,0
246.6,197.5,0
246.7,197.5,0
246.8,197.5,0
246.9,197.5,0
247.0,197.5,0
247.1,197.5,0
247.2,197.5,0
247.3,197.5,0
247.4,197.5,0
247.5,197.5,0
247.6,197.5,0
247.7,197.5,0
247.8,197.5,0
247.9,197.5,0
248.0,197.5,0
248.1,197.5,0
248.2,197.5,0
248.3,197.5,0
248.4,197.5,0
248.5,197.5,0
248.6,197.5,0
248.7,197.5,0
248.8,197.5,0
248.9,197.5,0
249.0,197.5,0
249.1,197.5,0
249.2,197.5,0
249.3,197.5,0
249.4,197.5,0
249.5,197.5,0
249.6,197.5,0
249.7,197.5,0
249.8,197.5,0
249.9,197.5,0
250.0,197.5,0
250.1,197.5,0
250.2,197.5,0
250.3,197.5,0
250.4,197.5,0
250.5,197.5,0
250.6,197.5,0
250.7,197.5,0
250.8,197.5,0
250.9,197.5,0
251.0,197.5,0
251.1,197.5,0
251.2,197.5,0
251.3,197.5,0
251.4,197.5,0
251.5,197.5,0
251.6,197.5,0
251.7,197.5,0
251.8,197.5,0
251.9,197.5,0
252.0,197.5,0
252.1,197.5,0
252.2,197.5,0
252.3,197.5,0
252.4,197.5,0
252.5,197.5,0
252.6,197.5,0
252.7,197.5,0
252.8,197.5,0
252.9,197.5,0
253.0,197.5,0
253.1,197.5,0
253.2,197.5,0
253.3,197.5,0
253.4,197.5,0
253.5,197.5,0
253.6,197.5,0
253.7,197.5,0
253.8,197.5,0
253.9,197.5,0
254.0,197.5,0
254.1,197.5,0
254.2,197.5,0
254.3,197.5,0
254.4,197.5,0
254.5,197.5,0
254.6,197.5,0
254.7,197.5,0
254.8,197.5,0
254.9,197.5,0
255.0,197.5,0
255.1,197.5,0
255.2,197.5,0
255.3,197.5,0
255.4,197.5,0
255.5,197.5,0
255.6,197.5,0
255.7,197.5,0
255.8,197.5,0
255.9,197.5,0
256.0,197.5,0
256.1,197.5,0
256.2,197.5,0
256.3,197.5,0
256.4,197.5,0
256.5,197.5,0
256.6,197.5,0
256.7,197.5,0
256.8,197.5,0
256.9,197.5,0
257.0,197.5,0
257.1,197.5,0
257.2,197.5,0
257.3,197.5,0
257.4,197.5,0
257.5,197.5,0
257.6,197.5,0
257.7,197.5,0
257.8,197.5,0
257.9,197.5,0
258.0,197.5,0
258.1,197.5,0
258.2,197.5,0
258.3,197.5,0
258.4,197.5,0
258.5,197.5,0
258.6,197.5,0
258.7,197.5,0
258.8,197.5,0
258.9,197.5,0
259.0,197.5,0
259.1,197.5,0
259.2,197.5,0
259.3,197.5,0
259.4,197.5,0
259.5,197.5,0
259.6,197.5,0
259.7,197.5,0
259.8,197.5,0
259.9,197.5,0
260.0,197.5,0
260.1,197.5,0
260.2,197.5,0
260.3,197.5,0
260.4,197.5,0
260.5,197.5,0
260.6,197.5,0
260.7,197.5,0
260.8,197.5,0
260.9,197.5,0
261.0,197.5,0
261.1,197.5,0
261.2,197.5,0
261.3,197.5,0
261.4,197.5,0
261.5,197.5,0
261.6,197.5,0
261.7,197.5,0
261.8,197.5,0
261.9,197.5,0
262.0,197.5,0
262.1,197.5,0
262.2,197.5,0
262.3,197.5,0
262.4,197.5,0
262.5,197.5,0
262.6,197.5,0
262.7,197.5,0
262.8,197.5,0
262.9,197.5,0
263.0,197.5,0
263.1,197.5,0
263.2,197.5,0
263.3,197.5,0
263.4,197.5,0
263.5,197.5,0
263.6,197.5,0
263.7,197.5,0
263.8,197.5,0
263.9,197.5,0
264.0,197.5,0
264.1,197.5,0
264.2,197.5,0
264.3,197.5,0
264.4,197.5,0
264.5,197.5,0
264.6,197.5,0
264.7,197.5,0
264.8,197.5,0
264.9,197.5,0
265.0,197.5,0
265.1,197.5,0
265.2,197.5,0
265.3,197.5,0
265.4,197.5,0
265.5,197.5,0
265.6,197.5,0
265.7,197.5,0
265.8,197.5,0
265.9,197.5,0
266.0,197.5,0
266.1,197.5,0
266.2,197.5,0
266.3,197.5,0
266.4,197.5,0
266.5,197.5,0
266.6,197.5,0
266.7,197.5,0
266.8,197.5,0
266.9,197.5,0
267.0,197.5,0
267.1,197.5,0
267.2,197.5,0
267.3,197.5,0
267.4,197.5,0
267.5,197.5,0
267.6,197.5,0
267.7,197.5,0
267.8,197.5,0
267.9,197.5,0
268.0,197.5,0
268.1,197.5,0
268.2,197.5,0
268.3,197.5,0
268.4,197.5,0
268.5,197.5,0
268.6,197.5,0
268.7,197.5,0
268.8,197.5,0
268.9,197.5,0
269.0,197.5,0
269.1,197.5,0
269.2,197.5,0
269.3,197.5,0
269.4,197.5,0
269.5,197.5,0
269.6,197.5,0
269.7,197.5,0
269.8,197.5,0
269.9,197.5,0
270.0,197.5,0
270.1,197.5,0
270.2,197.5,0
270.3,197.5,0
270.4,197.5,0
270.5,197.5,0
270.6,197.5,0
270.7,197.5,0
270.8,197.5,0
270.9,197.5,0
271.0,197.5,0
271.1,197.5,0
271.2,197.5,0
271.3,197.5,0
271.4,197.5,0
271.5,197.5,0
271.6,197.5,0
271.7,197.5,0
271.8,197.5,0
271.9,197.5,0
272.0,197.5,0
272.1,197.5,0
272.2,197.5,0
272.3,197.5,0
272.4,197.5,0
272.5,197.5,0
272.6,197.5,0
272.7,197.5,0
272.8,197.5,0
272.9,197.5,0
273.0,197.5,0
273.1,197.5,0
273.2,197.5,0
273.3,197.5,0
273.4,197.5,0
273.5,197.5,0
273.6,197.5,0
273.7,197.5,0
273.8,197.5,0
273.9,197.5,0
274.0,197.5,0
274.1,197.5,0
274.2,197.5,0
274.3,197.5,0
274.4,197.5,0
274.5,197.5,0
274.6,197.5,0
274.7,197.5,0
274.8,197.5,0
274.9,197.5,0
275.0,197.5,0
275.1,197.5,0
275.2,197.5,0
275.3,197.5,0
275.4,197.5,0
275.5,197.5,0
275.6,197.5,0
275.7,197.5,0
275.8,197.5,0
275.9,197.5,0
276.0,197.5,0
276.1,197.5,0
276.2,197.5,0
276.3,197.5,0
276.4,197.5,0
276.5,197.5,0
276.6,197.5,0
276.7,197.5,0
276.8,197.5,0
276.9,197.5,0
277.0,197.5,0
277.1,197.5,0
277.2,197.5,0
277.3,197.5,0
277.4,197.5,0
277.5,197.5,0
277.6,197.5,0
277.7,197.5,0
277.8,197.5,0
277.9,197.5,0
278.0,197.5,0
278.1,197.5,0
278.2,197.5,0
278.3,197.5,0
278.4,197.5,0
278.5,197.5,0
278.6,197.5,0
278.7,197.5,0
278.8,197.5,0
278.9,197.5,0
279.0,197.5,0
279.1,197.5,0
279.2,197.5,0
279.3,197.5,0
279.4,197.5,0
279.5,197.5,0
279.6,197.5,0
279.7,197.5,0
279.8,197.5,0
279.9,197.5,0
280.0,197.5,0
280.1,197.5,0
280.2,197.5,0
280.3,197.5,0
280.4,197.5,0
280.5,197.5,0
280.6,197.5,0
280.7,197.5,0
280.8,197.5,0
280.9,197.5,0
281.0,197.5,0
281.1,197.5,0
281.2,197.5,0
281.3,197.5,0
281.4,197.5,0
281.5,197.5,0
281.6,197.5,0
281.7,197.5,0
281.8,197.5,0
281.9,197.5,0
282.0,197.5,0
282.1,197.5,0
282.2,197.5,0
282.3,197.5,0
282.4,197.5,0
282.5,197.5,0
282.6,197.5,0
282.7,197.5,0
282.8,197.5,0
282.9,197.5,0
283.0,197.5,0
283.1,197.5,0
283.2,197.5,0
283.3,197.5,0
283.4,197.5,0
283.5,197.5,0
283.6,197.5,0
283.7,197.5,0
283.8,197.5,0
283.9,197.5,0
284.0,197.5,0
284.1,197.5,0
284.2,197.5,0
284.3,197.5,0
284.4,197.5,0
284.5,197.5,0
284.6,197.5,0
284.7,197.5,0
284.8,197.5,0
284.9,197.5,0
285.0,197.5,0
285.1,197.5,0
285.2,197.5,0
285.3,197.5,0
285.4,197.5,0
285.5,197.5,0
285.6,197.5,0
285.7,197.5,0
285.8,197.5,0
285.9,197.5,0
286.0,197.5,0
286.1,197.5,0
286.2,197.5,0
286.3,197.5,0
286.4,197.5,0
286.5,197.5,0
286.6,197.5,0
286.7,197.5,0
286.8,197.5,0
286.9,197.5,0
287.0,197.5,0
287.1,197.5,0
287.2,197.5,0
287.3,197.5,0
287.4,197.5,0
287.5,197.5,0
287.6,197.5,0
287.7,197.5,0
287.8,197.5,0
287.9,197.5,0
288.0,197.5,0
288.1,197.5,0
288.2,197.5,0
288.3,197.5,0
288.4,197.5,0
288.5,197.5,0
288.6,197.5,0
288.7,197.5,0
288.8,197.5,0
288.9,197.5,0
289.0,197.5,0
289.1,197.5,0
289.2,197.5,0
289.3,197.5,0
289.4,197.5,0
289.5,197.5,0
289.6,197.5,0
289.7,197.5,0
289.8,197.5,0
289.9,197.5,0
290.0,197.5,0
290.1,197.5,0
290.2,197.5,0
290.3,197.5,0
290.4,197.5,0
290.5,197.5,0
290.6,197.5,0
290.7,197.5,0
290.8,197.5,0
290.9,197.5,0
291.0,197.5,0
291.1,197.5,0
291.2,197.5,0
291.3,197.5,0
291.4,197.5,0
291.5,197.5,0
291.6,197.5,0
291.7,197.5,0
291.8,197.5,0
291.9,197.5,0
292.0,197.5,0
292.1,197.5,0
292.2,197.5,0
292.3,197.5,0
292.4,197.5,0
292.5,197.5,0
292.6,197.5,0
292.7,197.5,0
292.8,197.5,0
292.9,197.5,0
293.0,197.5,0
293.1,197.5,0
293.2,197.5,0
293.3,197.5,0
293.4,197.5,0
293.5,197.5,0
293.6,197.5,0
293.7,197.5,0
293.8,197.5,0
293.9,197.5,0
294.0,197.5,0
294.1,197.5,0
294.2,197.5,0
294.3,197.5,0
294.4,197.5,0
294.5,197.5,0
294.6,197.5,0
294.7,197.5,0
294.8,197.5,0
294.9,197.5,0
295.0,197.5,0
295.1,197.5,0
295.2,197.5,0
295.3,197.5,0
295.4,197.5,0
295.5,197.5,0
295.6,197.5,0
295.7,197.5,0
295.8,197.5,0
295.9,197.5,0
296.0,197.5,0
296.1,197.5,0
296.2,197.5,0
296.3,197.5,0
296.4,197.5,0
296.5,197.5,0
296.6,197.5,0
296.7,197.5,0
296.8,197.5,0
296.9,197.5,0
297.0,197.5,0
297.1,197.5,0
297.2,197.5,0
297.3,197.5,0
297.4,197.5,0
297.5,197.5,0
297.6,197.5,0
297.7,197.5,0
297.8,197.5,0
297.9,197.5,0
298.0,197.5,0
298.1,197.5,0
298.2,197.5,0
298.3,197.5,0
298.4,197.5,0
298.5,197.5,0
298.6,197.5,0
298.7,197.5,0
298.8,197.5,0
298.9,197.5,0
299.0,197.5,0
299.1,197.5,0
299.2,197.5,0
299.3,197.5,0
299.4,197.5,0
299.5,197.5,0
299.6,197.5,0
299.7,197.5,0
299.8,197.5,0
299.9,197.5,0
300.0,197.5,0
300.1,197.5,0
300.2,197.5,0
300.3,197.5,0
300.4,197.5,0
300.5,197.5,0
300.6,197.5,0
300.7,197.5,0
300.8,197.5,0
300.9,197.5,0
301.0,197.5,0
301.1,197.5,0
301.2,197.5,0
301.3,197.5,0
301.4,197.5,0
301.5,197.5,0
301.6,197.5,0
301.7,197.5,0
301.8,197.5,0
301.9,197.5,0
302.0,197.5,0
302.1,197.5,0
302.2,197.5,0
302.3,197.5,0
302.4,197.5,0
302.5,197.5,0
302.6,197.5,0
302.7,197.5,0
302.8,197.5,0
302.9,197.5,0
303.0,197.5,0
303.1,197.5,0
303.2,197.5,0
303.3,197.5,0
303.4,197.5,0
303.5,197.5,0
303.6,197.5,0
303.7,197.5,0
303.8,197.5,0
303.9,197.5,0
304.0,197.5,0
304.1,197.5,0
304.2,197.5,0
304.3,197.5,0
304.4,197.5,0
304.5,197.5,0
304.6,197.5,0
304.7,197.5,0
304.8,197.5,0
304.9,197.5,0
305.0,197.5,0
305.1,197.5,0
305.2,197.5,0
305.3,197.5,0
305.4,197.5,0
305.5,197.5,0
305.6,197.5,0
305.7,197.5,0
305.8,197.5,0
305.9,197.5,0
306.0,197.5,0
306.1,197.5,0
306.2,197.5,0
306.3,197.5,0
306.4,197.5,0
306.5,197.5,0
306.6,197.5,0
306.7,197.5,0
306.8,197.5,0
306.9,197.5,0
307.0,197.5,0
307.1,197.5,0
307.2,197.5,0
307.3,197.5,0
307.4,197.5,0
307.5,197.5,0
307.6,197.5,0
307.7,197.5,0
307.8,197.5,0
307.9,197.5,0
308.0,197.5,0
308.1,197.5,0
308.2,197.5,0
308.3,197.5,0
308.4,197.5,0
308.5,197.5,0
308.6,197.5,0
308.7,197.5,0
308.8,197.5,0
308.9,197.5,0
309.0,197.5,0
309.1,197.5,0
309.2,197.5,0
309.3,197.5,0
309.4,197.5,0
309.5,197.5,0
309.6,197.5,0
309.7,197.5,0
309.8,197.5,0
309.9,197.5,0
310.0,197.5,0
310.1,197.5,0
310.2,197.5,0
310.3,197.5,0
310.4,197.5,0
310.5,197.5,0
310.6,197.5,0
310.7,197.5,0
310.8,197.5,0
310.9,197.5,0
311.0,197.5,0
311.1,197.5,0
311.2,197.5,0
311.3,197.5,0
311.4,197.5,0
311.5,197.5,0
311.6,197.5,0
311.7,197.5,0
311.8,197.5,0
311.9,197.5,0
312.0,197.5,0
312.1,197.5,0
312.2,197.5,0
312.3,197.5,0
312.4,197.5,0
312.5,197.5,0
312.6,197.5,0
312.7,197.5,0
312.8,197.5,0
312.9,197.5,0
313.0,197.5,0
313.1,197.5,0
313.2,197.5,0
313.3,197.5,0
313.4,197.5,0
313.5,197.5,0
313.6,197.5,0
313.7,197.5,0
313.8,197.5,0
313.9,197.5,0
314.0,197.5,0
314.1,197.5,0
314.2,197.5,0
314.3,197.5,0
314.4,197.5,0
314.5,197.5,0
314.6,197.5,0
314.7,197.5,0
314.8,197.5,0
314.9,197.5,0
315.0,197.5,0
315.1,197.5,0
315.2,197.5,0
315.3,197.5,0
315.4,197.5,0
315.5,197.5,0
315.6,197.5,0
315.7,197.5,0
315.8,197.5,0
315.9,197.5,0
316.0,197.5,0
316.1,197.5,0
316.2,197.5,0
316.3,197.5,0
316.4,197.5,0
316.5,197.5,0
316.6,197.5,0
316.7,197.5,0
316.8,197.5,0
316.9,197.5,0
317.0,197.5,0
317.1,197.5,0
317.2,197.5,0
317.3,197.5,0
317.4,197.5,0
317.5,197.5,0
317.6,197.5,0
317.7,197.5,0
317.8,197.5,0
317.9,197.5,0
318.0,197.5,0
318.1,197.5,0
318.2,197.5,0
318.3,197.5,0
318.4,197.5,0
318.5,197.5,0
318.6,197.5,0
318.7,197.5,0
318.8,197.5,0
318.9,197.5,0
319.0,197.5,0
319.1,197.5,0
319.2,197.5,0
319.3,197.5,0
319.4,197.5,0
319.5,197.5,0
319.6,197.5,0
319.7,197.5,0
319.8,197.5,0
319.9,197.5,0
320.0,197.5,0
320.1,197.5,0
320.2,197.5,0
320.3,197.5,0
320.4,197.5,0
320.5,197.5,0
320.6,197.5,0
320.7,197.5,0
320.8,197.5,0
320.9,197.5,0
321.0,197.5,0
321.1,197.5,0
321.2,197.5,0
321.3,197.5,0
321.4,197.5,0
321.5,197.5,0
321.6,197.5,0
321.7,197.5,0
321.8,197.5,0
321.9,197.5,0
322.0,197.5,0
322.1,197.5,0
322.2,197.5,0
322.3,197.5,0
322.4,197.5,0
322.5,197.5,0
322.6,197.5,0
322.7,197.5,0
322.8,197.5,0
322.9,197.5,0
323.0,197.5,0
323.1,197.5,0
323.2,197.5,0
323.3,197.5,0
323.4,197.5,0
323.5,197.5,0
323.6,197.5,0
323.7,197.5,0
323.8,197.5,0
323.9,197.5,0
324.0,197.5,0
324.1,197.5,0
324.2,197.5,0
324.3,197.5,0
324.4,197.5,0
324.5,197.5,0
324.6,197.5,0
324.7,197.5,0
324.8,197.5,0
324.9,197.5,0
325.0,197.5,0
